image: map_test4.pgm
resolution: 0.300000
origin: [-60.000000, -60.000000, 0.000000]
negate: 0
occupied_thresh: 0.65
free_thresh: 0.196

